import React from 'react';
const SignatureIcon = (props: any) => (
  <a
    href="https://petercat.ai/"
    target="_blank"
    className={props.className}
    rel="noopener noreferrer"
  >
    <svg
      width="132"
      height="15"
      viewBox="0 0 132 15"
      fill="none"
      xmlns="http://www.w3.org/2000/svg"
    >
      <path
        d="M116.976 8.43481C117.216 8.25938 117.433 8.04701 117.626 7.79772C117.82 7.53919 117.982 7.40992 118.111 7.40992C118.25 7.40992 118.319 7.61305 118.319 8.01931C118.319 8.41634 118.204 8.7949 117.973 9.155C117.751 9.50586 117.456 9.80133 117.086 10.0414C116.329 10.54 115.434 10.7893 114.399 10.7893C113.144 10.7893 112.17 10.4754 111.477 9.84749C110.785 9.21963 110.438 8.34709 110.438 7.22987C110.438 5.85412 110.771 4.54762 111.436 3.31037C111.657 2.90411 111.907 2.53016 112.184 2.18853C111.971 1.93924 111.8 1.68071 111.671 1.41294C111.551 1.13595 111.491 0.928199 111.491 0.789701C111.491 0.540404 111.583 0.415755 111.768 0.415755C111.897 0.424989 112.045 0.512704 112.211 0.678902L112.641 1.0944C112.751 1.2052 112.867 1.29753 112.987 1.37139C113.901 0.595803 114.884 0.208008 115.937 0.208008C116.999 0.208008 117.687 0.503471 118 1.0944C118.111 1.31599 118.167 1.58837 118.167 1.91154C118.167 2.4009 117.954 2.81178 117.53 3.14417C117.105 3.47657 116.532 3.64277 115.812 3.64277C115.101 3.64277 114.363 3.49503 113.596 3.19957C112.941 4.31679 112.613 5.48479 112.613 6.70358C112.613 8.39326 113.287 9.2381 114.635 9.2381C115.466 9.2381 116.246 8.97034 116.976 8.43481ZM114.261 2.34088C114.732 2.49785 115.244 2.57633 115.798 2.57633C116.352 2.57633 116.629 2.42398 116.629 2.11928C116.629 1.75919 116.403 1.57914 115.951 1.57914C115.332 1.57914 114.769 1.83305 114.261 2.34088Z"
        fill="#D1D5DB"
      />
      <path
        d="M126.266 7.40992C126.433 7.40992 126.516 7.62229 126.516 8.04701C126.516 8.27784 126.419 8.55946 126.225 8.89185C126.031 9.21502 125.777 9.5151 125.463 9.79209C125.158 10.0599 124.817 10.2815 124.438 10.4569C124.06 10.6323 123.69 10.72 123.33 10.72C122.841 10.72 122.513 10.2907 122.347 9.432C122.107 9.82903 121.793 10.1568 121.405 10.4153C121.017 10.6646 120.496 10.7893 119.84 10.7893C119.194 10.7893 118.672 10.5861 118.275 10.1799C117.878 9.77363 117.684 9.27965 117.693 8.69796C117.693 7.12831 118.215 5.89106 119.258 4.9862C119.702 4.60764 120.112 4.35834 120.491 4.23831C120.879 4.11828 121.285 4.05826 121.71 4.05826C122.135 4.05826 122.481 4.13213 122.749 4.27986C122.878 4.0121 123.026 3.87821 123.192 3.87821C123.515 3.87821 123.82 4.02133 124.106 4.30756C124.401 4.58456 124.549 4.8477 124.549 5.097C124.42 5.4017 124.23 5.76641 123.981 6.19114C123.907 6.61586 123.87 7.21141 123.87 7.97776C123.87 8.74412 123.967 9.1273 124.161 9.1273C124.401 9.1273 124.983 8.64717 125.906 7.68692C126.073 7.50225 126.193 7.40992 126.266 7.40992ZM119.729 8.24091C119.729 8.95187 119.992 9.30735 120.519 9.30735C121.082 9.29811 121.548 8.99804 121.918 8.40711C122.047 8.20398 122.153 7.95468 122.236 7.65922C122.236 6.6251 122.328 5.73871 122.513 5.00005C121.765 5.14778 121.114 5.50788 120.56 6.08034C120.006 6.6528 119.729 7.37299 119.729 8.24091Z"
        fill="#D1D5DB"
      />
      <path
        d="M126.572 9.93059C126.47 9.68129 126.396 9.39506 126.35 9.0719C126.304 8.73951 126.281 8.27784 126.281 7.68692C126.281 7.09599 126.391 6.29732 126.613 5.2909H125.99C125.879 5.2909 125.824 5.24473 125.824 5.1524C125.824 4.9308 125.842 4.75075 125.879 4.61225C125.925 4.46452 126.027 4.29832 126.184 4.11366H126.516C126.645 4.11366 126.784 4.10904 126.932 4.09981C127.375 2.6779 127.827 1.96694 128.289 1.96694C128.658 1.97617 128.917 2.21162 129.065 2.67328C129.101 2.80254 129.143 2.94104 129.189 3.08877L128.621 4.08596C129.268 4.10443 129.674 4.11366 129.84 4.11366C130.016 4.11366 130.108 4.13213 130.117 4.16906C130.136 4.19676 130.145 4.24293 130.145 4.30756C130.145 4.47376 130.103 4.6815 130.02 4.9308C129.946 5.1801 129.859 5.30013 129.757 5.2909L128.372 5.22165C128.178 6.3481 128.081 7.28066 128.081 8.01931C128.081 8.75797 128.187 9.1273 128.4 9.1273C128.575 9.1273 128.894 8.98419 129.355 8.69796C129.817 8.40249 130.149 8.12088 130.353 7.85312C130.556 7.58535 130.722 7.45147 130.851 7.45147C130.98 7.45147 131.045 7.60844 131.045 7.92236C131.045 8.23629 130.934 8.55946 130.713 8.89185C130.491 9.21502 130.209 9.5151 129.868 9.79209C129.535 10.0599 129.161 10.2815 128.746 10.4569C128.34 10.6323 127.984 10.72 127.68 10.72C127.375 10.72 127.139 10.6508 126.973 10.5123C126.816 10.3646 126.682 10.1707 126.572 9.93059Z"
        fill="#D1D5DB"
      />
      <path
        d="M81.079 10.0736C81.079 10.6183 80.548 10.8907 79.4862 10.8907C79.2554 10.8907 79.1169 10.7753 79.0707 10.5445C79.0338 10.3044 79.0153 9.972 79.0153 9.54727C79.0153 8.65165 79.1954 7.54366 79.5555 6.22331C80.1556 4.04427 80.7973 2.76085 81.4806 2.37306C81.5729 2.31766 81.6745 2.28996 81.7853 2.28996C81.8961 2.28996 81.9515 2.47001 81.9515 2.8301C81.9515 3.1902 81.933 3.50874 81.8961 3.78574C81.8222 4.33973 81.6884 5.05531 81.4945 5.93246C81.3098 6.80962 81.2175 7.32668 81.2175 7.48365L81.079 10.0736ZM82.0207 6.34796C82.0207 6.22793 82.0854 6.14945 82.2146 6.11251C82.3531 6.07558 82.524 6.04326 82.7271 6.01556C82.9302 5.97863 83.1518 5.92785 83.3919 5.86322C83.6319 5.79858 83.8535 5.67855 84.0567 5.50312C84.5276 5.09686 84.763 4.41822 84.763 3.46719C84.763 2.8578 84.5553 2.39152 84.1398 2.06836C83.7335 1.7452 83.1426 1.58362 82.367 1.58362C81.6006 1.58362 80.8804 1.7452 80.2064 2.06836C79.9571 2.18839 79.7309 2.29919 79.5278 2.40076C79.3339 2.50232 79.1538 2.55311 78.9876 2.55311C78.8214 2.55311 78.7383 2.50232 78.7383 2.40076C78.7383 2.24379 78.8907 1.98526 79.1954 1.62517C79.5001 1.29277 79.9802 0.983457 80.6358 0.697228C81.3006 0.410998 81.9977 0.267883 82.7271 0.267883C84.1028 0.25865 85.1739 0.581813 85.9403 1.23737C86.605 1.80983 86.9374 2.55311 86.9374 3.46719C86.9374 4.37205 86.6097 5.18457 85.9541 5.90476C85.2985 6.61572 84.4768 6.9712 83.4888 6.9712C82.5101 6.9712 82.0207 6.76345 82.0207 6.34796Z"
        fill="#D1D5DB"
      />
      <path
        d="M89.8917 9.17333C90.6119 9.17333 91.309 8.8871 91.983 8.31464C92.2323 8.10227 92.4354 7.90837 92.5924 7.73294C92.7494 7.54828 92.8694 7.45595 92.9525 7.45595C93.0818 7.45595 93.1464 7.58521 93.1464 7.84374C93.1464 8.10227 93.0771 8.39312 92.9386 8.71628C92.8001 9.03021 92.5693 9.33952 92.2461 9.64422C91.4521 10.3921 90.3626 10.7661 88.9776 10.7661C87.8788 10.7661 87.1309 10.369 86.7339 9.57497C86.5954 9.29797 86.5262 8.90095 86.5262 8.38388C86.5262 7.86682 86.6277 7.3313 86.8309 6.7773C87.034 6.21408 87.3018 5.72933 87.6342 5.32307C87.9758 4.91681 88.3682 4.60288 88.8114 4.38128C89.2546 4.15045 89.7255 4.03504 90.2241 4.03504C90.7319 4.03504 91.1197 4.15969 91.3875 4.40898C91.6644 4.65828 91.803 4.98144 91.803 5.37847C91.803 5.7755 91.7014 6.10328 91.4983 6.36181C91.3044 6.61111 91.0504 6.82347 90.7365 6.9989C90.4226 7.1651 90.0717 7.31745 89.6839 7.45595C89.3054 7.58521 88.9314 7.73294 88.5621 7.89914V8.24539C88.5713 8.57778 88.7098 8.81323 88.9776 8.95173C89.2454 9.09023 89.55 9.16409 89.8917 9.17333ZM89.6562 5.26767C89.1761 5.26767 88.8437 5.82628 88.659 6.9435C88.8529 6.81424 89.033 6.69882 89.1992 6.59726C89.3746 6.49569 89.527 6.39874 89.6562 6.30641C89.9332 6.10328 90.0763 5.87245 90.0856 5.61392C90.0856 5.38309 89.9425 5.26767 89.6562 5.26767Z"
        fill="#D1D5DB"
      />
      <path
        d="M92.9244 9.93507C92.8228 9.68577 92.7489 9.39954 92.7028 9.07638C92.6566 8.74398 92.6335 8.28232 92.6335 7.69139C92.6335 7.10047 92.7443 6.30179 92.9659 5.29537H92.3427C92.2319 5.29537 92.1765 5.24921 92.1765 5.15687C92.1765 4.93528 92.1949 4.75523 92.2319 4.61673C92.278 4.469 92.3796 4.3028 92.5366 4.11814H92.869C92.9982 4.11814 93.1367 4.11352 93.2844 4.10429C93.7276 2.68237 94.1801 1.97141 94.6417 1.97141C95.0111 1.98065 95.2696 2.21609 95.4173 2.67775C95.4543 2.80702 95.4958 2.94552 95.542 3.09325L94.9741 4.09044C95.6205 4.1089 96.0267 4.11814 96.1929 4.11814C96.3683 4.11814 96.4607 4.1366 96.4699 4.17354C96.4884 4.20124 96.4976 4.2474 96.4976 4.31203C96.4976 4.47823 96.4561 4.68598 96.373 4.93528C96.2991 5.18457 96.2114 5.30461 96.1098 5.29537L94.7248 5.22612C94.5309 6.35258 94.434 7.28513 94.434 8.02379C94.434 8.76245 94.5402 9.13178 94.7525 9.13178C94.928 9.13178 95.2465 8.98866 95.7082 8.70243C96.1698 8.40697 96.5022 8.12535 96.7054 7.85759C96.9085 7.58983 97.0747 7.45595 97.204 7.45595C97.3332 7.45595 97.3978 7.61291 97.3978 7.92684C97.3978 8.24077 97.287 8.56393 97.0655 8.89633C96.8439 9.21949 96.5622 9.51957 96.2206 9.79657C95.8882 10.0643 95.5143 10.2859 95.0988 10.4614C94.6925 10.6368 94.337 10.7245 94.0323 10.7245C93.7276 10.7245 93.4922 10.6553 93.326 10.5168C93.169 10.369 93.0352 10.1751 92.9244 9.93507Z"
        fill="#D1D5DB"
      />
      <path
        d="M99.7992 9.17333C100.519 9.17333 101.216 8.8871 101.89 8.31464C102.14 8.10227 102.343 7.90837 102.5 7.73294C102.657 7.54828 102.777 7.45595 102.86 7.45595C102.989 7.45595 103.054 7.58521 103.054 7.84374C103.054 8.10227 102.985 8.39312 102.846 8.71628C102.708 9.03021 102.477 9.33952 102.154 9.64422C101.36 10.3921 100.27 10.7661 98.8851 10.7661C97.7863 10.7661 97.0384 10.369 96.6414 9.57497C96.5029 9.29797 96.4337 8.90095 96.4337 8.38388C96.4337 7.86682 96.5352 7.3313 96.7384 6.7773C96.9415 6.21408 97.2093 5.72933 97.5416 5.32307C97.8833 4.91681 98.2757 4.60288 98.7189 4.38128C99.1621 4.15045 99.633 4.03504 100.132 4.03504C100.639 4.03504 101.027 4.15969 101.295 4.40898C101.572 4.65828 101.71 4.98144 101.71 5.37847C101.71 5.7755 101.609 6.10328 101.406 6.36181C101.212 6.61111 100.958 6.82347 100.644 6.9989C100.33 7.1651 99.9792 7.31745 99.5914 7.45595C99.2129 7.58521 98.8389 7.73294 98.4696 7.89914V8.24539C98.4788 8.57778 98.6173 8.81323 98.8851 8.95173C99.1528 9.09023 99.4575 9.16409 99.7992 9.17333ZM99.5637 5.26767C99.0836 5.26767 98.7512 5.82628 98.5665 6.9435C98.7604 6.81424 98.9405 6.69882 99.1067 6.59726C99.2821 6.49569 99.4345 6.39874 99.5637 6.30641C99.8407 6.10328 99.9838 5.87245 99.9931 5.61392C99.9931 5.38309 99.85 5.26767 99.5637 5.26767Z"
        fill="#D1D5DB"
      />
      <path
        d="M108.214 6.11517C108.417 6.11517 108.588 6.18904 108.726 6.33677C108.874 6.47527 108.948 6.6507 108.948 6.86306C108.948 6.98309 108.92 7.11236 108.865 7.25086C108.717 7.59249 108.509 7.87872 108.241 8.10955C107.974 8.34038 107.678 8.45579 107.355 8.45579C107.097 8.45579 106.875 8.36346 106.69 8.1788C106.515 7.99413 106.427 7.74483 106.427 7.4309C106.427 7.25547 106.436 7.06619 106.455 6.86306C106.473 6.71533 106.483 6.61376 106.483 6.55836C106.483 6.4845 106.464 6.4291 106.427 6.39217C106.399 6.35523 106.362 6.33677 106.316 6.33677C106.187 6.33677 106.012 6.49373 105.79 6.80766C105.568 7.11236 105.347 7.51862 105.125 8.02645C104.904 8.53427 104.724 9.0698 104.585 9.63303C104.484 10.0762 104.368 10.3717 104.239 10.5194C104.11 10.6671 103.897 10.741 103.602 10.741C103.251 10.741 103.002 10.5564 102.854 10.187C102.715 9.81769 102.646 9.22677 102.646 8.41424C102.646 7.21392 102.817 6.07362 103.159 4.99333C103.242 4.72557 103.376 4.53167 103.56 4.41164C103.754 4.28238 104.022 4.21774 104.363 4.21774C104.548 4.21774 104.677 4.24083 104.751 4.28699C104.825 4.33316 104.862 4.42087 104.862 4.55014C104.862 4.69787 104.793 5.03027 104.654 5.54733C104.562 5.91666 104.488 6.23982 104.433 6.51682C104.377 6.79381 104.331 7.13544 104.294 7.5417C104.599 6.74765 104.941 6.10132 105.319 5.60273C105.698 5.10413 106.067 4.74865 106.427 4.53629C106.787 4.32393 107.115 4.21774 107.41 4.21774C107.678 4.21774 107.881 4.29623 108.02 4.45319C108.168 4.60092 108.241 4.82252 108.241 5.11798C108.241 5.29341 108.191 5.62581 108.089 6.11517H108.214Z"
        fill="#D1D5DB"
      />
      <path
        fillRule="evenodd"
        clipRule="evenodd"
        d="M52.3303 8.08314C52.3303 7.67833 52.2511 7.47593 52.0927 7.47593C52.0223 7.47593 51.9079 7.56393 51.7495 7.73993C50.8695 8.65514 50.3151 9.11275 50.0863 9.11275C49.8839 9.11275 49.7827 8.80914 49.7827 8.20194C49.7827 7.99953 49.8003 7.73113 49.8355 7.39673C49.9587 6.21751 50.1479 5.1527 50.4031 4.20229C50.5175 4.03509 50.6319 3.87229 50.7463 3.71388C50.8607 3.54668 50.9619 3.37948 51.0499 3.21228C51.1467 3.03628 51.2259 2.84707 51.2875 2.64467C51.3491 2.44227 51.3799 2.23547 51.3799 2.02426C51.3799 1.81306 51.2831 1.56226 51.0895 1.27186C50.8695 0.919852 50.6319 0.74385 50.3767 0.74385C50.2183 0.74385 50.0599 0.840651 49.9015 1.03425C49.4263 1.60626 49.0083 2.74147 48.6475 4.43989L48.3438 4.36069C48.1502 4.30789 47.8862 4.28149 47.5518 4.28149C46.8126 4.28149 46.0998 4.57629 45.4134 5.1659C44.6972 5.78703 44.2389 6.57249 44.0386 7.52228C44.0242 7.51778 44.0086 7.51553 43.992 7.51553C43.9128 7.51553 43.7984 7.60353 43.6488 7.77953C43.4992 7.94673 43.3056 8.13154 43.068 8.33394C42.4256 8.87955 41.7612 9.15235 41.0747 9.15235C40.7491 9.14355 40.4587 9.07315 40.2035 8.94115C39.9483 8.80914 39.8163 8.58474 39.8075 8.26794V7.93793C40.1595 7.77953 40.5159 7.63873 40.8767 7.51553C41.2463 7.38353 41.5808 7.23833 41.88 7.07992C42.1792 6.91272 42.4212 6.71032 42.606 6.47272C42.7996 6.22631 42.8964 5.91391 42.8964 5.53551C42.8964 5.1571 42.7644 4.8491 42.5004 4.6115C42.2452 4.37389 41.8756 4.25509 41.3915 4.25509C40.9163 4.25509 40.4675 4.36509 40.0451 4.58509C39.6227 4.7963 39.2487 5.0955 38.9231 5.48271C38.6063 5.86991 38.3511 6.33192 38.1575 6.86872C37.9639 7.39673 37.8671 7.90713 37.8671 8.39994C37.8671 8.89274 37.9331 9.27115 38.0651 9.53515C38.4435 10.292 39.1563 10.6704 40.2035 10.6704C41.5236 10.6704 42.562 10.314 43.3188 9.60115C43.587 9.34822 43.7885 9.09194 43.9233 8.83233C43.9431 9.33122 44.1275 9.7591 44.4762 10.116C44.8546 10.5032 45.3606 10.6968 45.9942 10.6968C47.0326 10.6968 47.8158 10.2788 48.3438 9.44275C48.4934 10.2348 48.8103 10.6308 49.2943 10.6308C49.6375 10.6308 49.9895 10.5472 50.3503 10.38C50.7111 10.2128 51.0367 10.0016 51.3271 9.74636C51.6263 9.48235 51.8683 9.19635 52.0531 8.88835C52.2379 8.57154 52.3303 8.30314 52.3303 8.08314ZM46.6146 9.28435C46.113 9.28435 45.8622 8.94555 45.8622 8.26794C45.8622 7.44073 46.1262 6.75432 46.6542 6.20871C47.1822 5.66311 47.7982 5.3199 48.5023 5.1791C48.335 6.12951 48.2426 7.00072 48.225 7.79273C48.0578 8.32954 47.8202 8.71234 47.5122 8.94115C47.213 9.16995 46.9138 9.28435 46.6146 9.28435ZM40.8503 5.42991C40.3927 5.42991 40.0681 5.80391 39.8921 6.86872C39.8921 7.00609 40.2563 6.79392 40.4147 6.69712C40.5819 6.60032 40.7271 6.50792 40.8503 6.41992C41.1143 6.22631 41.2508 6.00631 41.2595 5.75991C41.2595 5.53991 41.1232 5.42991 40.8503 5.42991Z"
        fill="#D1D5DB"
      />
      <path
        fillRule="evenodd"
        clipRule="evenodd"
        d="M5.17446 4.28149C4.46165 4.28149 3.87645 4.54109 3.41884 5.0603C3.39244 4.9547 3.34404 4.8403 3.27364 4.7171C3.02724 4.24189 2.76763 4.00429 2.49483 4.00429C2.23083 4.00429 2.04602 4.12749 1.94042 4.37389C1.22761 6.05471 0.726008 7.67393 0.435605 9.23155C0.145202 10.7892 0 11.9992 0 12.8616C0 13.0904 0.0264004 13.2752 0.079201 13.416C0.132002 13.5656 0.316804 13.7768 0.633607 14.0496C0.748009 14.1552 0.89321 14.208 1.06921 14.208C1.16601 14.208 1.25841 14.1684 1.34642 14.0892C1.43442 14.01 1.50042 13.922 1.54442 13.8252C1.58842 13.7372 1.69842 13.0728 1.87442 11.832C2.05922 10.6 2.22203 9.57915 2.36283 8.76954C2.44203 8.32074 2.54763 7.95113 2.67963 7.66073C2.81163 7.36153 2.95683 7.06232 3.11524 6.76312C3.28244 6.45512 3.50244 6.19991 3.77524 5.99751C4.04805 5.79511 4.29885 5.69391 4.52765 5.69391C4.76526 5.69391 4.95446 5.77311 5.09526 5.93151C5.23606 6.08111 5.30646 6.25272 5.30646 6.44632C5.30646 7.23833 5.12606 7.89833 4.76526 8.42634C4.40445 8.95435 3.87645 9.21835 3.18124 9.21835C3.10204 9.37675 3.06244 9.55275 3.06244 9.74636C3.06244 10.0984 3.23404 10.3624 3.57724 10.5384C3.73564 10.6176 3.96445 10.6836 4.26365 10.7364C4.56285 10.7892 5.06886 10.776 5.78167 10.6968C6.76728 10.5736 7.57689 10.1512 8.2105 9.42955C8.39999 9.20453 8.54698 8.9804 8.65146 8.75715C8.75154 9.21322 8.96764 9.61336 9.29976 9.95756C9.78377 10.4504 10.5098 10.6968 11.4778 10.6968C12.4546 10.6968 13.2906 10.2876 13.9858 9.46915C14.2498 9.52195 14.571 9.54835 14.9494 9.54835C15.3366 9.54835 15.6886 9.41635 16.0054 9.15235C16.3222 8.87955 16.4806 8.47474 16.4806 7.93793C16.4806 7.64753 16.419 7.50233 16.2958 7.50233C16.2166 7.50233 16.1374 7.54193 16.0582 7.62113C15.9878 7.70033 15.8998 7.79273 15.7942 7.89833C15.5126 8.16234 15.1782 8.29874 14.791 8.30754H14.7118C14.9142 7.83233 15.0154 7.38353 15.0154 6.96112C15.0154 6.52992 14.9098 6.17791 14.6986 5.90511C14.4874 5.63231 14.1354 5.50031 13.6426 5.50911C13.1586 5.50911 12.7582 5.68511 12.4414 6.03711C12.1334 6.38032 11.9838 6.76312 11.9926 7.18553C11.9926 7.98634 12.305 8.59794 12.9298 9.02035C12.6482 9.19635 12.2918 9.28435 11.8606 9.28435C11.4382 9.28435 11.1082 9.15235 10.8706 8.88835C10.6418 8.61554 10.5274 8.28114 10.5274 7.88513C10.5274 7.12833 10.7694 6.50352 11.2534 6.01071C11.7462 5.50911 12.3534 5.2583 13.075 5.2583C13.8054 5.2495 14.1706 5.1747 14.1706 5.0339C14.1706 4.8491 13.911 4.6511 13.3918 4.43989C13.0926 4.31669 12.6966 4.25509 12.2038 4.25509C11.1214 4.25509 10.2458 4.6335 9.57696 5.3903C9.0339 6.00482 8.71422 6.71507 8.61792 7.52105C8.49611 7.55199 8.3251 7.71295 8.10489 8.00393C7.86729 8.32074 7.53729 8.62874 7.11488 8.92795C6.45488 9.40315 5.80367 9.64075 5.16126 9.64075H5.00286C5.61887 9.41195 6.14247 8.97195 6.57368 8.32074C7.01368 7.66953 7.23368 7.00952 7.23368 6.34072C7.23368 6.04151 7.19408 5.76871 7.11488 5.52231C6.84208 4.6951 6.19527 4.28149 5.17446 4.28149ZM14.0914 7.01392C14.0914 7.31313 14.0166 7.62113 13.867 7.93793C13.6382 7.70913 13.5238 7.41873 13.5238 7.06672C13.5238 6.96112 13.5502 6.85112 13.603 6.73672C13.6558 6.62232 13.7218 6.56512 13.801 6.56512C13.9946 6.56512 14.0914 6.71472 14.0914 7.01392Z"
        fill="#D1D5DB"
      />
      <path
        fillRule="evenodd"
        clipRule="evenodd"
        d="M18.3773 4.7831C18.3773 5.3727 18.2717 6.04151 18.0605 6.78952C18.0781 7.07112 18.0869 7.34393 18.0869 7.60793C18.1045 8.17114 18.1749 8.55834 18.2981 8.76954C18.3861 8.88395 18.5005 8.94115 18.6413 8.94115C18.9141 8.94115 19.2529 8.74754 19.6577 8.36034C19.3497 7.62993 19.1957 6.96992 19.1957 6.38032C19.1957 5.1747 19.7633 4.57189 20.8985 4.57189C21.2857 4.57189 21.6069 4.6863 21.8621 4.9151C22.1261 5.1351 22.2581 5.41231 22.2581 5.74671C22.2581 6.45072 21.8665 7.29553 21.0833 8.28114C21.4089 8.66834 21.6729 8.89274 21.8753 8.95435C22.1657 8.95435 22.6013 8.41754 23.1821 7.34393C23.0765 6.94792 23.0237 6.57832 23.0237 6.23511C23.0237 5.61031 23.1205 5.1527 23.3141 4.8623C23.5517 4.49269 23.9433 4.30789 24.489 4.30789C25.0434 4.30789 25.3558 4.53229 25.4262 4.9811C25.4438 5.1131 25.4526 5.2539 25.4526 5.4035C25.4526 5.96671 25.1402 6.74552 24.5154 7.73993C24.7354 8.05674 24.9422 8.24594 25.1358 8.30754C25.5406 8.30754 25.8838 8.17114 26.1654 7.89833C26.271 7.80153 26.359 7.71353 26.4294 7.63433C26.5086 7.54633 26.5878 7.50233 26.667 7.50233C26.6776 7.50233 26.6878 7.50342 26.6976 7.50559C26.7443 7.29622 26.8072 7.08394 26.8861 6.86872C27.0797 6.33192 27.3349 5.86991 27.6517 5.48271C27.9773 5.0955 28.3513 4.7963 28.7737 4.58509C29.1961 4.36509 29.6449 4.25509 30.1201 4.25509C30.6041 4.25509 30.9737 4.37389 31.2289 4.6115C31.4929 4.8491 31.6249 5.1571 31.6249 5.53551C31.6249 5.91391 31.5281 6.22631 31.3345 6.47272C31.1497 6.71032 30.9077 6.91272 30.6085 7.07992C30.3093 7.23833 29.9749 7.38353 29.6053 7.51553C29.2445 7.63873 28.8881 7.77953 28.5361 7.93793V8.26794C28.5449 8.58474 28.6769 8.80914 28.9321 8.94115C29.1873 9.07315 29.4777 9.14355 29.8033 9.15235C30.4897 9.15235 31.1541 8.87955 31.7965 8.33394C32.0341 8.13154 32.2277 7.94673 32.3773 7.77953C32.5054 7.62884 32.6077 7.54266 32.6842 7.52099C32.7373 6.59405 32.8985 5.70506 33.1676 4.85401C33.2492 4.59115 33.3806 4.4008 33.5619 4.28297C33.7522 4.15607 34.0151 4.09262 34.3505 4.09262C34.5318 4.09262 34.6586 4.11528 34.7312 4.16061C34.8037 4.20593 34.8399 4.29204 34.8399 4.41893C34.8399 4.56396 34.772 4.89027 34.636 5.39786C34.5454 5.76042 34.4728 6.07766 34.4185 6.34959C34.3641 6.62151 34.3187 6.95688 34.2825 7.3557C34.5816 6.57619 34.917 5.9417 35.2886 5.45224C35.6602 4.96278 36.0228 4.61381 36.3763 4.40534C36.7298 4.19686 37.0516 4.09262 37.3416 4.09262C37.6045 4.09262 37.8039 4.16967 37.9399 4.32376C38.0849 4.46879 38.1574 4.68632 38.1574 4.97638C38.1574 5.14859 38.1075 5.4749 38.0078 5.9553C38.0078 5.9553 37.9556 6.11845 38.1574 6.17284C38.3592 6.22722 38.6859 6.41992 38.6859 6.41992C38.6859 6.41992 38.921 6.66025 38.921 6.86872C38.921 6.98655 38.921 7.08552 38.921 7.28698C38.921 7.5725 38.9488 7.75064 38.6859 7.97724C38.423 8.20384 37.6045 8.25305 37.2872 8.25305C37.0334 8.25305 36.8159 8.16241 36.6346 7.98113C36.4624 7.79984 36.3763 7.55511 36.3763 7.24693C36.3763 7.07472 36.3854 6.8889 36.4035 6.68949C36.4216 6.54447 36.4307 6.44476 36.4307 6.39038C36.4307 6.31786 36.4126 6.26348 36.3763 6.22722C36.3491 6.19097 36.3129 6.17284 36.2675 6.17284C36.1406 6.17284 35.9684 6.32693 35.7509 6.63511C35.5333 6.93422 35.3158 7.33304 35.0983 7.83157C34.8807 8.3301 34.704 8.85581 34.568 9.40872C34.4683 9.8438 34.355 10.1339 34.2281 10.2789C34.1012 10.4239 33.8927 10.4964 33.6027 10.4964C33.2582 10.4964 33.0135 10.3151 32.8685 9.95257C32.7672 9.68254 32.7037 9.29185 32.6778 8.7805C32.5436 9.05785 32.3334 9.3314 32.0473 9.60115C31.2905 10.314 30.2521 10.6704 28.9321 10.6704C27.8849 10.6704 27.1721 10.292 26.7937 9.53515C26.7062 9.36017 26.6477 9.13492 26.6182 8.85941C26.5518 8.96083 26.4713 9.04968 26.3766 9.12595C26.0598 9.38115 25.6462 9.50875 25.1358 9.50875C24.6254 9.50875 24.181 9.26235 23.8025 8.76954C23.3449 9.36795 22.9665 9.78595 22.6673 10.0236C22.1217 10.4724 21.6949 10.6968 21.3869 10.6968C21.2373 10.6968 21.0437 10.5736 20.8061 10.3272C20.5773 10.072 20.3485 9.74195 20.1197 9.33715C19.6973 9.73316 19.2793 10.0588 18.8657 10.314C18.4521 10.5692 18.1045 10.6968 17.8229 10.6968C17.3125 10.6968 16.8813 9.58795 16.5293 7.37033C16.4061 6.61352 16.3445 6.09431 16.3445 5.81271C16.3621 5.2319 16.4413 4.8271 16.5821 4.5983C16.7757 4.31669 17.1541 4.17589 17.7173 4.17589C17.9285 4.17589 18.0913 4.24189 18.2057 4.37389C18.3201 4.49709 18.3773 4.6335 18.3773 4.7831ZM20.6345 7.15913C20.9249 6.71032 21.0701 6.35392 21.0701 6.08991C21.0701 5.81711 20.9777 5.68071 20.7929 5.68071C20.6697 5.68071 20.5905 5.75111 20.5553 5.89191C20.5289 6.02391 20.5157 6.19991 20.5157 6.41992C20.5157 6.63992 20.5553 6.88632 20.6345 7.15913ZM28.6285 7.02712C28.8045 5.96231 29.1213 5.42991 29.5789 5.42991C29.8517 5.42991 29.9881 5.53991 29.9881 5.75991C29.9793 6.00631 29.8429 6.22631 29.5789 6.41992C29.4557 6.50792 29.3105 6.60032 29.1433 6.69712C28.9849 6.79392 28.8133 6.90392 28.6285 7.02712Z"
        fill="#D1D5DB"
      />
      <path
        fillRule="evenodd"
        clipRule="evenodd"
        d="M59.0076 4.38709C58.3564 4.10549 58.0308 3.83269 58.0308 3.56868C58.0308 3.42788 58.088 3.36188 58.2024 3.37068C58.3608 3.37068 58.5412 3.41028 58.7436 3.48948C58.946 3.55988 59.1528 3.61708 59.364 3.66108C60.0856 2.29707 60.904 1.40386 61.8192 0.981453C62.1272 0.840651 62.4352 0.76585 62.7432 0.75705C63.3505 0.75705 63.8125 0.906652 64.1293 1.20586C64.4549 1.49626 64.6177 1.85266 64.6177 2.27507C64.6177 3.03188 64.2085 3.61708 63.3901 4.03069C62.7212 4.36509 61.8104 4.57189 60.6576 4.6511C60.244 5.67191 60.0372 6.76752 60.0372 7.93793C60.0372 8.80914 60.2396 9.31515 60.6444 9.45595C60.926 9.55275 61.1372 9.55715 61.278 9.46915C61.4188 9.37235 61.5288 9.24915 61.608 9.09955C61.6872 8.94115 61.7268 8.71234 61.7268 8.41314C61.7356 8.11394 61.652 7.86313 61.476 7.66073C61.3088 7.44953 61.146 7.25593 60.9876 7.07992C61.0668 6.78952 61.1812 6.54752 61.3308 6.35392C61.6124 5.97551 61.8544 5.78631 62.0568 5.78631C62.2592 5.78631 62.422 5.85671 62.5452 5.99751C62.6772 6.13831 62.7829 6.31432 62.862 6.52552C62.9412 6.73672 63.0028 6.96552 63.0468 7.21193C63.0996 7.45833 63.1569 7.68713 63.2185 7.89833C63.2801 8.10954 63.3548 8.28554 63.4429 8.42634C63.5397 8.56714 63.6629 8.63754 63.8125 8.63754C63.9709 8.63754 64.1117 8.58034 64.2349 8.46594C64.3581 8.34274 64.4681 8.21074 64.5649 8.06994C64.6617 7.92913 64.7497 7.80153 64.8289 7.68713C64.9081 7.56393 64.9873 7.50233 65.0665 7.50233C65.1545 7.50233 65.2381 7.57273 65.3173 7.71353C65.329 7.73222 65.3399 7.75076 65.35 7.76914C65.3744 7.72124 65.4001 7.6719 65.427 7.62113L65.8098 4.49269C66.0827 4.28149 66.4523 4.17589 66.9187 4.17589C67.3147 4.17589 67.5391 4.43989 67.5919 4.9679C67.6095 5.1263 67.6183 5.3155 67.6183 5.53551C67.6183 5.74671 67.5831 5.97111 67.5127 6.20871C67.1607 7.42313 66.9891 8.23714 66.9979 8.65074C66.9979 8.96755 67.1827 9.12595 67.5523 9.12595C67.9219 9.12595 68.1947 9.00715 68.3707 8.76954C68.5467 8.53194 68.6963 8.23714 68.8195 7.88513C69.0483 6.90832 69.2595 6.10311 69.4531 5.46951C69.6555 4.8359 69.7831 4.45749 69.8359 4.33429C69.9239 4.12309 70.0911 4.01309 70.3375 4.00429C70.5839 4.01309 70.8171 4.18909 71.0371 4.53229C71.2571 4.8667 71.3671 5.1263 71.3671 5.3111C71.3495 5.92711 70.9667 7.48033 70.2187 9.97076C70.7907 9.52195 71.3583 8.97195 71.9215 8.32074C72.1151 8.09194 72.2779 7.90273 72.4099 7.75313C72.5419 7.59473 72.6475 7.51553 72.7267 7.51553C72.8499 7.51553 72.9115 7.65633 72.9115 7.93793C72.9115 8.49234 72.5991 9.13915 71.9743 9.87836C71.3583 10.6176 70.6015 11.194 69.7039 11.6076C69.5983 11.9596 69.4839 12.294 69.3607 12.6108C69.2375 12.9276 69.0791 13.2048 68.8855 13.4424C68.4631 13.9528 67.8207 14.208 66.9583 14.208C66.3775 14.208 65.8802 14.0408 65.4666 13.7064C65.0618 13.372 64.8594 12.954 64.8594 12.4524C64.8594 12.1708 64.9518 11.9464 65.1366 11.7792C65.3302 11.612 65.5898 11.4712 65.9155 11.3568C66.2499 11.2512 66.6371 11.1544 67.0771 11.0664C67.5171 10.9872 67.9879 10.886 68.4895 10.7628C68.6127 10.2348 68.6963 9.85636 68.7403 9.62755C68.3003 10.2348 67.7107 10.5384 66.9715 10.5384C66.3731 10.5384 65.8935 10.4152 65.5326 10.1688C65.2178 9.94051 65.0438 9.59612 65.0105 9.13558C64.7401 9.50756 64.3935 9.69356 63.9709 9.69356C63.5396 9.68475 63.2052 9.59235 62.9676 9.41635C62.818 9.78596 62.5628 10.094 62.202 10.3404C61.8412 10.5868 61.3264 10.71 60.6576 10.71C59.9976 10.71 59.43 10.5384 58.9548 10.1952C58.3828 9.78156 58.0968 9.13915 58.0968 8.26794C58.0968 7.02712 58.4004 5.73351 59.0076 4.38709ZM63.1656 2.51267C63.1568 2.20467 63.0425 2.05067 62.8224 2.05067C62.6112 2.05067 62.334 2.21347 61.9908 2.53907C61.6476 2.86468 61.3176 3.31788 61.0008 3.89869C61.96 3.73148 62.6156 3.43668 62.9676 3.01428C63.0908 2.85588 63.1568 2.68867 63.1656 2.51267ZM68.0671 12.1092C67.7327 12.8308 67.3587 13.1916 66.9451 13.1916C66.7603 13.2004 66.5666 13.1476 66.3642 13.0332C66.1706 12.9188 66.0738 12.778 66.0738 12.6108C66.065 12.4788 66.2367 12.3864 66.5887 12.3336C66.7647 12.3072 66.9759 12.2764 67.2223 12.2412C67.4687 12.2148 67.7503 12.1708 68.0671 12.1092Z"
        fill="#D1D5DB"
      />
    </svg>
  </a>
);
export default SignatureIcon;
